CHTA_VIBCH_vibrio	ELAP_ECOLX_ecoli	ETXA_STAAU_staph	ETXH_STAAU_staph	PV22_POMCA_snail	ENTC2_STAAU_staph	ETXB_STAAU_staph	ETXE_STAAU_staph	ETXD_STAAU_staph	E2BA_ECOLX_ecoli	ENTC1_STAAU_staph	ELTB_CLOPF_clost	ETXG_STAAU_staph	SPEA_STRPY_strep	E2AA_ECOLX_ecoli	ELAH_ECOH1_ecoli	SSL7_STAA8_staph	SPEC_STRP8_strep	SELX_STAAE_staph	ETXA_STAAE_staph	SELX_STAAU_staph	ETXA_STAAW_staph	ENTC3_STAAM_staph	ENTC3_STAAN_staph	ETXG_STAAM_staph	ETXG_STAAN_staph	ETXH_STAAW_staph	SPEC_STRP1_strep	SPEH_STRPY_strep	SPEH_STRP1_strep	SPEG_STRP3_strep	SPEG_STRPQ_strep	SPEA_BPT12_strep	SPEA_STRP8_strep	SELX_STAA8_staph	SPEC_STRP6_strep	SPEG_STRP1_strep
CHTA_VIBCH_vibrio	0	0.318885448916409	1	0.967801857585139	1	0.969040247678019	1	1	1	0.597523219814242	0.969040247678019	1	1	1	0.595975232198142	0.321981424148607	1	0.969659442724458	1	1	1	1	0.970278637770898	0.970278637770898	1	1	0.967801857585139	0.969040247678019	1	1	1	1	1	1	1	0.969659442724458	1
ELAP_ECOLX_ecoli	0.318885448916409	0	1	1	1	0.970278637770898	0.971362229102167	1	1	0.577399380804954	0.970278637770898	1	1	0.972600619195046	0.582043343653251	0.176470588235294	1	1	1	1	1	1	0.971362229102167	0.971362229102167	1	1	1	1	1	1	0.969040247678019	0.969040247678019	0.971981424148607	0.971981424148607	1	1	0.969659442724458
ETXA_STAAU_staph	1	1	0	0.787925696594427	1	0.842105263157895	0.821981424148607	0.31733746130031	0.606811145510836	1	0.854489164086687	1	0.864705882352941	0.863467492260062	1	1	0.946904024767802	0.912383900928793	0.96656346749226	0.198142414860681	0.9671826625387	0.181114551083591	0.837461300309598	0.837461300309598	0.864705882352941	0.864705882352941	0.787925696594427	0.912383900928793	0.873065015479876	0.873065015479876	0.871826625386997	0.871826625386997	0.8328173374613	0.8328173374613	0.96656346749226	0.912383900928793	0.873065015479876
ETXH_STAAU_staph	0.967801857585139	1	0.787925696594427	0	1	0.902786377708978	0.869969040247678	0.787925696594427	0.797213622291022	0.969040247678019	0.905882352941176	0.969659442724458	0.859907120743034	0.878328173374613	0.967801857585139	1	0.954643962848297	0.905263157894737	0.967801857585139	0.781733746130031	0.96609907120743	0.787925696594427	0.897523219814241	0.897523219814241	0.859907120743034	0.859907120743034	0.253869969040248	0.905263157894737	0.868266253869969	0.868266253869969	0.902786377708978	0.902786377708978	0.8328173374613	0.8328173374613	0.967801857585139	0.905263157894737	0.905263157894737
PV22_POMCA_snail	1	1	1	1	0	0.971981424148607	1	1	1	1	0.971981424148607	1	1	1	1	1	1	1	1	1	1	1	0.971981424148607	0.971981424148607	1	1	1	1	1	1	1	1	1	1	1	1	1
ENTC2_STAAU_staph	0.969040247678019	0.970278637770898	0.842105263157895	0.902786377708978	0.971981424148607	0	0.453560371517028	0.846749226006192	0.829721362229102	0.965479876160991	0.179566563467492	1	0.718266253869969	0.746130030959752	0.970278637770898	0.970278637770898	0.962383900928793	0.91594427244582	0.968421052631579	0.842105263157895	0.968421052631579	0.842105263157895	0.193498452012384	0.193498452012384	0.718266253869969	0.718266253869969	0.902786377708978	0.918266253869969	0.911764705882353	0.911764705882353	0.922445820433436	0.922445820433436	0.681114551083591	0.681114551083591	0.968421052631579	0.91594427244582	0.923684210526316
ETXB_STAAU_staph	1	0.971362229102167	0.821981424148607	0.869969040247678	1	0.453560371517028	0	0.8328173374613	0.815789473684211	0.971362229102167	0.442724458204334	0.969040247678019	0.708978328173375	0.727554179566563	0.96609907120743	0.970743034055728	0.954643962848297	0.929721362229102	0.9671826625387	0.818885448916409	0.9671826625387	0.821981424148607	0.431888544891641	0.431888544891641	0.708978328173375	0.708978328173375	0.869969040247678	0.929721362229102	0.922445820433436	0.922445820433436	0.935603715170279	0.935603715170279	0.665634674922601	0.665634674922601	0.9671826625387	0.929721362229102	0.932043343653251
ETXE_STAAU_staph	1	1	0.31733746130031	0.787925696594427	1	0.846749226006192	0.8328173374613	0	0.585139318885449	0.970743034055728	0.856346749226006	1	0.861609907120743	0.859287925696594	0.971362229102167	1	0.940402476780186	0.901702786377709	0.960061919504644	0.323529411764706	0.960681114551084	0.31733746130031	0.843653250773994	0.843653250773994	0.861609907120743	0.861609907120743	0.787925696594427	0.901083591331269	0.887306501547988	0.887306501547988	0.876625386996904	0.876625386996904	0.829721362229102	0.829721362229102	0.960061919504644	0.901702786377709	0.877708978328173
ETXD_STAAU_staph	1	1	0.606811145510836	0.797213622291022	1	0.829721362229102	0.815789473684211	0.585139318885449	0	1	0.840557275541796	1	0.880185758513932	0.845201238390093	1	1	0.939783281733746	0.890866873065015	0.96656346749226	0.617647058823529	0.967801857585139	0.606811145510836	0.826625386996904	0.826625386996904	0.880185758513932	0.880185758513932	0.797213622291022	0.890866873065015	0.890247678018576	0.890247678018576	0.931424148606811	0.931424148606811	0.808049535603715	0.808049535603715	0.96656346749226	0.890866873065015	0.930185758513932
E2BA_ECOLX_ecoli	0.597523219814242	0.577399380804954	1	0.969040247678019	1	0.965479876160991	0.971362229102167	0.970743034055728	1	0	0.969040247678019	1	1	1	0.386996904024768	0.577399380804954	1	1	1	1	1	1	0.96656346749226	0.96656346749226	1	1	0.969040247678019	1	1	1	1	1	1	1	1	1	1
ENTC1_STAAU_staph	0.969040247678019	0.970278637770898	0.854489164086687	0.905882352941176	0.971981424148607	0.179566563467492	0.442724458204334	0.856346749226006	0.840557275541796	0.969040247678019	0	1	0.730650154798762	0.746130030959752	0.970743034055728	0.970278637770898	0.962383900928793	0.9171826625387	0.968421052631579	0.851547987616099	0.969040247678019	0.854489164086687	0.208978328173375	0.208978328173375	0.730650154798762	0.730650154798762	0.905882352941176	0.9171826625387	0.907585139318885	0.907585139318885	0.923065015479876	0.923065015479876	0.681114551083591	0.681114551083591	0.968421052631579	0.9171826625387	0.923684210526316
ELTB_CLOPF_clost	1	1	1	0.969659442724458	1	1	0.969040247678019	1	1	1	1	0	1	1	1	1	0.969040247678019	1	1	1	1	1	1	1	1	1	0.969659442724458	1	1	1	1	1	1	1	1	1	1
ETXG_STAAU_staph	1	1	0.864705882352941	0.859907120743034	1	0.718266253869969	0.708978328173375	0.861609907120743	0.880185758513932	1	0.730650154798762	1	0	0.784829721362229	1	1	0.958823529411765	0.928482972136223	0.963622291021672	0.865325077399381	0.963622291021672	0.864705882352941	0.721362229102167	0.721362229102167	0.18266253869969	0.18266253869969	0.859907120743034	0.928482972136223	0.920743034055728	0.920743034055728	0.928482972136223	0.928482972136223	0.721362229102167	0.721362229102167	0.963622291021672	0.928482972136223	0.921362229102167
SPEA_STRPY_strep	1	0.972600619195046	0.863467492260062	0.878328173374613	1	0.746130030959752	0.727554179566563	0.859287925696594	0.845201238390093	1	0.746130030959752	1	0.784829721362229	0	0.972600619195046	0.971981424148607	0.954643962848297	0.923065015479876	1	0.861145510835913	0.972600619195046	0.863467492260062	0.743034055727554	0.743034055727554	0.784829721362229	0.784829721362229	0.878328173374613	0.923065015479876	0.926006191950464	0.926006191950464	0.947523219814241	0.947523219814241	0.348297213622291	0.348297213622291	1	0.923065015479876	0.946904024767802
E2AA_ECOLX_ecoli	0.595975232198142	0.582043343653251	1	0.967801857585139	1	0.970278637770898	0.96609907120743	0.971362229102167	1	0.386996904024768	0.970743034055728	1	1	0.972600619195046	0	0.580495356037152	1	1	1	1	0.971362229102167	1	1	1	1	1	0.967801857585139	1	1	1	1	1	0.970743034055728	0.970743034055728	1	1	1
ELAH_ECOH1_ecoli	0.321981424148607	0.176470588235294	1	1	1	0.970278637770898	0.970743034055728	1	1	0.577399380804954	0.970278637770898	1	1	0.971981424148607	0.580495356037152	0	1	1	1	1	1	1	0.971362229102167	0.971362229102167	1	1	1	1	1	1	0.969659442724458	0.969659442724458	0.971981424148607	0.971981424148607	1	1	0.969659442724458
SSL7_STAA8_staph	1	1	0.946904024767802	0.954643962848297	1	0.962383900928793	0.954643962848297	0.940402476780186	0.939783281733746	1	0.962383900928793	0.969040247678019	0.958823529411765	0.954643962848297	1	1	0	0.919504643962848	0.932043343653251	0.946904024767802	0.936842105263158	0.946904024767802	0.962383900928793	0.962383900928793	0.958823529411765	0.958823529411765	0.954643962848297	0.919504643962848	0.939164086687307	0.939164086687307	0.930185758513932	0.930185758513932	0.936222910216718	0.936222910216718	0.932043343653251	0.919504643962848	0.923684210526316
SPEC_STRP8_strep	0.969659442724458	1	0.912383900928793	0.905263157894737	1	0.91594427244582	0.929721362229102	0.901702786377709	0.890866873065015	1	0.9171826625387	1	0.928482972136223	0.923065015479876	1	1	0.919504643962848	0	0.955263157894737	0.911764705882353	0.958359133126935	0.912383900928793	0.918266253869969	0.918266253869969	0.928482972136223	0.928482972136223	0.905263157894737	0.272445820433437	0.930804953560372	0.930804953560372	0.791021671826625	0.791021671826625	0.895046439628483	0.895046439628483	0.955263157894737	0.269349845201238	0.786377708978328
SELX_STAAE_staph	1	1	0.96656346749226	0.967801857585139	1	0.968421052631579	0.9671826625387	0.960061919504644	0.96656346749226	1	0.968421052631579	1	0.963622291021672	1	1	1	0.932043343653251	0.955263157894737	0	0.9671826625387	0.38390092879257	0.96656346749226	0.968421052631579	0.968421052631579	0.963622291021672	0.963622291021672	0.967801857585139	0.955263157894737	0.967801857585139	0.967801857585139	0.958359133126935	0.958359133126935	0.96609907120743	0.96609907120743	0.363777089783282	0.955263157894737	0.955882352941177
ETXA_STAAE_staph	1	1	0.198142414860681	0.781733746130031	1	0.842105263157895	0.818885448916409	0.323529411764706	0.617647058823529	1	0.851547987616099	1	0.865325077399381	0.861145510835913	1	1	0.946904024767802	0.911764705882353	0.9671826625387	0	0.9671826625387	0.198142414860681	0.837461300309598	0.837461300309598	0.865325077399381	0.865325077399381	0.781733746130031	0.911764705882353	0.869969040247678	0.869969040247678	0.869969040247678	0.869969040247678	0.831269349845201	0.831269349845201	0.9671826625387	0.911764705882353	0.871826625386997
SELX_STAAU_staph	1	1	0.9671826625387	0.96609907120743	1	0.968421052631579	0.9671826625387	0.960681114551084	0.967801857585139	1	0.969040247678019	1	0.963622291021672	0.972600619195046	0.971362229102167	1	0.936842105263158	0.958359133126935	0.38390092879257	0.9671826625387	0	0.9671826625387	0.968421052631579	0.968421052631579	0.963622291021672	0.963622291021672	0.96609907120743	0.958359133126935	0.9671826625387	0.9671826625387	0.961300309597523	0.961300309597523	0.96609907120743	0.96609907120743	0.38390092879257	0.958359133126935	0.958823529411765
ETXA_STAAW_staph	1	1	0.181114551083591	0.787925696594427	1	0.842105263157895	0.821981424148607	0.31733746130031	0.606811145510836	1	0.854489164086687	1	0.864705882352941	0.863467492260062	1	1	0.946904024767802	0.912383900928793	0.96656346749226	0.198142414860681	0.9671826625387	0	0.837461300309598	0.837461300309598	0.864705882352941	0.864705882352941	0.787925696594427	0.912383900928793	0.873065015479876	0.873065015479876	0.871826625386997	0.871826625386997	0.8328173374613	0.8328173374613	0.96656346749226	0.912383900928793	0.873065015479876
ENTC3_STAAM_staph	0.970278637770898	0.971362229102167	0.837461300309598	0.897523219814241	0.971981424148607	0.193498452012384	0.431888544891641	0.843653250773994	0.826625386996904	0.96656346749226	0.208978328173375	1	0.721362229102167	0.743034055727554	1	0.971362229102167	0.962383900928793	0.918266253869969	0.968421052631579	0.837461300309598	0.968421052631579	0.837461300309598	0	0.157894736842105	0.721362229102167	0.721362229102167	0.897523219814241	0.919504643962848	0.908204334365325	0.908204334365325	0.923684210526316	0.923684210526316	0.679566563467492	0.679566563467492	0.968421052631579	0.918266253869969	0.924922600619195
ENTC3_STAAN_staph	0.970278637770898	0.971362229102167	0.837461300309598	0.897523219814241	0.971981424148607	0.193498452012384	0.431888544891641	0.843653250773994	0.826625386996904	0.96656346749226	0.208978328173375	1	0.721362229102167	0.743034055727554	1	0.971362229102167	0.962383900928793	0.918266253869969	0.968421052631579	0.837461300309598	0.968421052631579	0.837461300309598	0.157894736842105	0	0.721362229102167	0.721362229102167	0.897523219814241	0.919504643962848	0.908204334365325	0.908204334365325	0.923684210526316	0.923684210526316	0.679566563467492	0.679566563467492	0.968421052631579	0.918266253869969	0.924922600619195
ETXG_STAAM_staph	1	1	0.864705882352941	0.859907120743034	1	0.718266253869969	0.708978328173375	0.861609907120743	0.880185758513932	1	0.730650154798762	1	0.18266253869969	0.784829721362229	1	1	0.958823529411765	0.928482972136223	0.963622291021672	0.865325077399381	0.963622291021672	0.864705882352941	0.721362229102167	0.721362229102167	0	0.18266253869969	0.859907120743034	0.928482972136223	0.920743034055728	0.920743034055728	0.928482972136223	0.928482972136223	0.721362229102167	0.721362229102167	0.963622291021672	0.928482972136223	0.921362229102167
ETXG_STAAN_staph	1	1	0.864705882352941	0.859907120743034	1	0.718266253869969	0.708978328173375	0.861609907120743	0.880185758513932	1	0.730650154798762	1	0.18266253869969	0.784829721362229	1	1	0.958823529411765	0.928482972136223	0.963622291021672	0.865325077399381	0.963622291021672	0.864705882352941	0.721362229102167	0.721362229102167	0.18266253869969	0	0.859907120743034	0.928482972136223	0.920743034055728	0.920743034055728	0.928482972136223	0.928482972136223	0.721362229102167	0.721362229102167	0.963622291021672	0.928482972136223	0.921362229102167
ETXH_STAAW_staph	0.967801857585139	1	0.787925696594427	0.253869969040248	1	0.902786377708978	0.869969040247678	0.787925696594427	0.797213622291022	0.969040247678019	0.905882352941176	0.969659442724458	0.859907120743034	0.878328173374613	0.967801857585139	1	0.954643962848297	0.905263157894737	0.967801857585139	0.781733746130031	0.96609907120743	0.787925696594427	0.897523219814241	0.897523219814241	0.859907120743034	0.859907120743034	0	0.905263157894737	0.868266253869969	0.868266253869969	0.902786377708978	0.902786377708978	0.8328173374613	0.8328173374613	0.967801857585139	0.905263157894737	0.905263157894737
SPEC_STRP1_strep	0.969040247678019	1	0.912383900928793	0.905263157894737	1	0.918266253869969	0.929721362229102	0.901083591331269	0.890866873065015	1	0.9171826625387	1	0.928482972136223	0.923065015479876	1	1	0.919504643962848	0.272445820433437	0.955263157894737	0.911764705882353	0.958359133126935	0.912383900928793	0.919504643962848	0.919504643962848	0.928482972136223	0.928482972136223	0.905263157894737	0	0.930185758513932	0.930185758513932	0.787925696594427	0.787925696594427	0.893808049535604	0.893808049535604	0.955263157894737	0.272445820433437	0.78328173374613
SPEH_STRPY_strep	1	1	0.873065015479876	0.868266253869969	1	0.911764705882353	0.922445820433436	0.887306501547988	0.890247678018576	1	0.907585139318885	1	0.920743034055728	0.926006191950464	1	1	0.939164086687307	0.930804953560372	0.967801857585139	0.869969040247678	0.9671826625387	0.873065015479876	0.908204334365325	0.908204334365325	0.920743034055728	0.920743034055728	0.868266253869969	0.930185758513932	0	0.24922600619195	0.931424148606811	0.931424148606811	0.892724458204334	0.892724458204334	0.967801857585139	0.930804953560372	0.93328173374613
SPEH_STRP1_strep	1	1	0.873065015479876	0.868266253869969	1	0.911764705882353	0.922445820433436	0.887306501547988	0.890247678018576	1	0.907585139318885	1	0.920743034055728	0.926006191950464	1	1	0.939164086687307	0.930804953560372	0.967801857585139	0.869969040247678	0.9671826625387	0.873065015479876	0.908204334365325	0.908204334365325	0.920743034055728	0.920743034055728	0.868266253869969	0.930185758513932	0.24922600619195	0	0.931424148606811	0.931424148606811	0.892724458204334	0.892724458204334	0.967801857585139	0.930804953560372	0.93328173374613
SPEG_STRP3_strep	1	0.969040247678019	0.871826625386997	0.902786377708978	1	0.922445820433436	0.935603715170279	0.876625386996904	0.931424148606811	1	0.923065015479876	1	0.928482972136223	0.947523219814241	1	0.969659442724458	0.930185758513932	0.791021671826625	0.958359133126935	0.869969040247678	0.961300309597523	0.871826625386997	0.923684210526316	0.923684210526316	0.928482972136223	0.928482972136223	0.902786377708978	0.787925696594427	0.931424148606811	0.931424148606811	0	0.26625386996904	0.926625386996904	0.926625386996904	0.958359133126935	0.791021671826625	0.273993808049536
SPEG_STRPQ_strep	1	0.969040247678019	0.871826625386997	0.902786377708978	1	0.922445820433436	0.935603715170279	0.876625386996904	0.931424148606811	1	0.923065015479876	1	0.928482972136223	0.947523219814241	1	0.969659442724458	0.930185758513932	0.791021671826625	0.958359133126935	0.869969040247678	0.961300309597523	0.871826625386997	0.923684210526316	0.923684210526316	0.928482972136223	0.928482972136223	0.902786377708978	0.787925696594427	0.931424148606811	0.931424148606811	0.26625386996904	0	0.926625386996904	0.926625386996904	0.958359133126935	0.791021671826625	0.273993808049536
SPEA_BPT12_strep	1	0.971981424148607	0.8328173374613	0.8328173374613	1	0.681114551083591	0.665634674922601	0.829721362229102	0.808049535603715	1	0.681114551083591	1	0.721362229102167	0.348297213622291	0.970743034055728	0.971981424148607	0.936222910216718	0.895046439628483	0.96609907120743	0.831269349845201	0.96609907120743	0.8328173374613	0.679566563467492	0.679566563467492	0.721362229102167	0.721362229102167	0.8328173374613	0.893808049535604	0.892724458204334	0.892724458204334	0.926625386996904	0.926625386996904	0	0.201238390092879	0.96609907120743	0.895046439628483	0.922445820433436
SPEA_STRP8_strep	1	0.971981424148607	0.8328173374613	0.8328173374613	1	0.681114551083591	0.665634674922601	0.829721362229102	0.808049535603715	1	0.681114551083591	1	0.721362229102167	0.348297213622291	0.970743034055728	0.971981424148607	0.936222910216718	0.895046439628483	0.96609907120743	0.831269349845201	0.96609907120743	0.8328173374613	0.679566563467492	0.679566563467492	0.721362229102167	0.721362229102167	0.8328173374613	0.893808049535604	0.892724458204334	0.892724458204334	0.926625386996904	0.926625386996904	0.201238390092879	0	0.96609907120743	0.895046439628483	0.922445820433436
SELX_STAA8_staph	1	1	0.96656346749226	0.967801857585139	1	0.968421052631579	0.9671826625387	0.960061919504644	0.96656346749226	1	0.968421052631579	1	0.963622291021672	1	1	1	0.932043343653251	0.955263157894737	0.363777089783282	0.9671826625387	0.38390092879257	0.96656346749226	0.968421052631579	0.968421052631579	0.963622291021672	0.963622291021672	0.967801857585139	0.955263157894737	0.967801857585139	0.967801857585139	0.958359133126935	0.958359133126935	0.96609907120743	0.96609907120743	0	0.955263157894737	0.955882352941177
SPEC_STRP6_strep	0.969659442724458	1	0.912383900928793	0.905263157894737	1	0.91594427244582	0.929721362229102	0.901702786377709	0.890866873065015	1	0.9171826625387	1	0.928482972136223	0.923065015479876	1	1	0.919504643962848	0.269349845201238	0.955263157894737	0.911764705882353	0.958359133126935	0.912383900928793	0.918266253869969	0.918266253869969	0.928482972136223	0.928482972136223	0.905263157894737	0.272445820433437	0.930804953560372	0.930804953560372	0.791021671826625	0.791021671826625	0.895046439628483	0.895046439628483	0.955263157894737	0	0.786377708978328
SPEG_STRP1_strep	1	0.969659442724458	0.873065015479876	0.905263157894737	1	0.923684210526316	0.932043343653251	0.877708978328173	0.930185758513932	1	0.923684210526316	1	0.921362229102167	0.946904024767802	1	0.969659442724458	0.923684210526316	0.786377708978328	0.955882352941177	0.871826625386997	0.958823529411765	0.873065015479876	0.924922600619195	0.924922600619195	0.921362229102167	0.921362229102167	0.905263157894737	0.78328173374613	0.93328173374613	0.93328173374613	0.273993808049536	0.273993808049536	0.922445820433436	0.922445820433436	0.955882352941177	0.786377708978328	0
